geno0 -1 0 1 0 1 5 5 5 1 0 5 5 0 5 -1 0 -1 5 0 1 5 -1 0 1 5 0 0 0 1 0 5 5 -1 -1 -1 5 5 0 1 0 0 -1 5 -1 -1 -1 -1 1 -1 0
geno17 5 0 -1 -1 5 -1 1 1 0 0 -1 5 1 1 5 1 1 0 -1 -1 -1 -1 1 1 1 -1 -1 0 5 1 1 -1 1 5 -1 1 5 0 -1 -1 1 0 -1 1 1 1 0 -1 0 -1
geno1 1 1 0 5 1 1 1 5 -1 0 5 -1 0 1 1 0 0 0 1 0 5 -1 1 0 0 -1 1 -1 0 -1 1 5 0 5 -1 -1 5 -1 -1 1 1 1 -1 1 5 0 -1 0 5 -1
geno9 -1 0 -1 -1 0 -1 5 5 -1 -1 0 1 -1 -1 5 -1 1 0 -1 0 -1 -1 -1 0 -1 -1 -1 -1 0 0 5 -1 0 1 5 0 1 5 1 -1 0 1 5 5 5 5 1 1 0 1
geno19 1 1 5 0 0 1 5 5 5 -1 0 -1 5 5 1 5 1 5 -1 5 1 -1 -1 5 5 1 -1 1 0 5 0 1 5 -1 -1 0 5 0 -1 5 5 -1 -1 1 5 1 -1 0 0 -1
geno6 5 1 5 0 0 0 5 0 1 -1 1 1 5 0 5 1 0 0 -1 1 -1 -1 0 1 -1 0 1 -1 0 5 1 -1 0 0 1 1 1 0 5 0 1 1 -1 0 -1 0 0 -1 5 1
geno10 5 -1 1 1 0 1 1 -1 0 0 1 5 0 -1 5 -1 5 5 -1 0 5 -1 1 1 5 -1 -1 0 5 1 0 -1 -1 -1 1 0 5 -1 0 0 -1 -1 1 -1 0 0 -1 0 1 0
geno8 5 1 -1 5 5 0 1 1 -1 1 -1 1 0 0 -1 1 5 -1 0 1 5 0 1 1 5 1 5 -1 -1 5 -1 0 0 5 1 5 1 1 1 -1 5 5 -1 -1 5 1 5 -1 5 0
geno12 5 0 5 5 -1 0 -1 1 1 5 1 -1 1 -1 0 5 1 1 1 -1 1 0 5 1 1 1 5 5 1 0 1 1 0 5 -1 -1 1 1 -1 1 0 5 1 5 5 5 1 5 1 1
geno11 0 -1 0 5 5 0 1 0 0 -1 1 5 -1 0 0 5 1 -1 1 -1 -1 -1 1 5 0 1 0 5 1 0 5 0 -1 -1 0 -1 5 0 5 0 1 0 -1 -1 1 0 5 0 -1 0
geno15 0 -1 5 1 1 1 1 -1 5 -1 -1 1 5 -1 -1 0 0 -1 -1 0 5 5 5 -1 1 5 1 -1 5 5 1 0 -1 5 5 -1 1 -1 -1 -1 -1 -1 0 1 5 -1 -1 1 -1 5
geno13 0 1 -1 -1 1 0 1 0 5 -1 -1 5 5 0 -1 -1 0 -1 0 -1 0 5 5 -1 -1 5 0 1 0 0 5 0 1 -1 -1 1 -1 -1 -1 1 5 0 5 5 -1 0 1 5 5 5
geno3 1 5 1 5 -1 1 -1 -1 0 0 5 1 1 5 5 -1 1 5 -1 0 1 5 1 -1 -1 0 0 0 1 5 1 -1 0 0 -1 0 0 5 0 0 0 1 5 -1 -1 5 1 1 1 5
geno18 -1 5 0 0 1 0 5 1 5 -1 1 1 5 1 5 1 -1 1 -1 0 1 0 5 0 1 1 0 -1 1 1 1 -1 5 5 0 5 1 5 1 -1 -1 -1 0 5 0 -1 -1 -1 -1 1
geno4 0 0 0 1 0 0 1 1 5 5 5 0 5 -1 5 1 0 1 0 5 5 -1 5 0 -1 1 -1 -1 -1 0 0 5 0 1 -1 0 1 5 0 0 -1 1 1 1 -1 0 0 -1 5 -1
geno14 0 1 -1 0 5 0 5 1 -1 0 -1 5 -1 5 5 -1 -1 5 5 -1 0 -1 -1 -1 1 5 -1 1 1 5 -1 1 -1 -1 5 5 -1 -1 -1 1 1 1 0 5 0 -1 1 0 5 5
geno5 5 -1 -1 0 1 5 5 0 -1 1 0 -1 5 1 0 -1 0 0 1 0 -1 0 0 1 1 1 -1 1 0 -1 1 0 5 0 -1 1 1 1 0 5 1 -1 -1 0 0 0 1 1 0 5
geno7 5 0 0 1 0 5 0 0 5 -1 5 5 5 5 1 5 5 0 0 1 0 -1 0 5 0 5 5 -1 -1 1 1 0 -1 -1 -1 -1 0 5 1 0 5 5 5 -1 1 5 5 0 1 0
geno16 1 1 5 5 0 0 0 1 -1 5 5 5 -1 0 5 0 -1 -1 -1 1 1 -1 0 5 0 -1 1 1 5 -1 0 1 -1 5 -1 1 1 1 -1 -1 -1 5 -1 0 5 -1 0 0 -1 5
geno2 -1 0 -1 -1 -1 -1 0 -1 -1 5 1 0 1 0 5 5 1 -1 1 0 5 0 -1 0 1 0 5 -1 1 1 1 0 -1 -1 1 -1 -1 1 5 -1 5 0 5 0 -1 -1 0 1 5 -1